,Column 1,Column 2,Column 3,Column 4,Column 5
0,15675,16316,19676,16440,16708
1,17575,16438,18478,21063,17117
2,17763,16237,15960,19760,21872
3,18500,20860,17724,15697,20104
4,20827,21473,18293,16420,15496
5,18631,17201,16359,21485,15428
6,17924,20031,20211,21373,19532
7,20831,18183,21700,20362,16348
8,18294,19908,15402,17413,16019
9,19080,16478,16882,17837,16304
10,17302,17304,18734,15973,16411
11,17312,18920,15345,19910,19786
12,16632,17267,20471,16873,19590
13,20655,21469,17365,20547,15776
14,20677,21428,16967,20834,19124
15,18317,21745,19863,19410,18122
16,19297,16574,21176,17849,18745
17,16420,17234,21093,20552,15515
18,21749,18361,21836,19854,20859
19,15660,20756,19189,16690,15940
20,16057,21980,20174,16244,18329
21,16165,18780,17722,18001,19502
22,20106,20951,19360,16585,16081
23,21134,18304,21436,18810,16387
24,20614,19398,16298,18821,18075
25,15348,17968,18583,15976,21875
26,21997,18193,19809,15275,18215
27,18198,21508,16519,20533,18024
28,18017,17764,17678,21956,17744
29,15359,18465,17587,20099,18563
30,18997,16218,20482,21566,16290
31,19340,19922,16973,17747,19609
32,20640,20959,18562,16765,16404
33,21119,21151,17312,16757,20870
34,18082,20837,18833,19835,21107
35,15904,21857,19414,18782,15883
36,21142,16439,20295,18737,17446
37,16232,15881,16482,20298,17036
38,19021,15288,20524,18230,20945
39,21935,19898,21926,20226,19854
40,15369,16202,17074,18928,17452
41,20012,18546,18560,20188,20954
42,16692,17959,21063,21967,15405
43,17105,19158,16073,21901,19569
44,17890,18216,18374,15942,21199
45,21931,18314,18631,17481,21212
46,20559,16240,19257,19108,17914
47,16327,17056,17787,15658,15468
48,18653,20659,16522,20113,17547
49,16252,18643,17339,17077,21736
50,19112,17222,17936,20949,17940
51,20255,19291,21704,20882,15935
52,18232,21753,20562,20028,21492
53,17357,20462,15285,21567,16349
54,18492,18586,21699,19721,17993
55,20009,19153,20301,16240,19381
56,19203,18280,17827,18220,20845
57,21764,21430,20318,17846,18944
58,16796,20859,18617,18231,17125
59,18900,18336,17979,18591,17893
60,15558,16761,21719,20814,17213
61,19264,19200,18435,16870,21913
62,15606,18624,21300,16571,17981
63,18919,15823,20637,20472,20776
64,21758,21958,18242,20057,20172
65,19001,15451,20968,18282,20476
66,17249,20729,15493,18689,16933
67,15374,17058,20777,21569,19088
68,15885,17888,20826,15492,19761
69,18860,17304,19122,18376,16648
70,21202,16801,17548,15541,18446
71,20270,21254,19262,16939,15281
72,19126,19603,21361,16195,20951
73,21150,17989,16866,16444,16766
74,18013,17818,16521,20574,19445
75,16536,18234,16176,20601,20080
76,18587,15775,20187,21426,18920
77,16265,21783,17185,18900,16528
78,17286,15426,18382,18539,20648
79,19944,16019,16820,20011,19476
80,15477,17498,17507,18753,21244
81,17259,18023,21274,17020,19291
82,15646,21722,21310,18904,21005
83,16045,16861,21542,17818,16789
84,19532,21311,15648,19903,17216
85,21663,19391,17746,18347,16700
86,20722,17466,18214,19257,21685
87,18306,20854,16466,19174,17916
88,15551,21677,20674,19591,18400
89,16968,19311,15663,20499,17603
90,16644,18641,16545,21961,21267
91,20978,16135,17447,21941,18331
92,17538,21509,15329,19442,21077
93,21650,19918,15626,20132,19652
94,18757,21648,18653,18603,15293
95,16182,17312,16735,20300,17792
96,21039,19865,20866,17269,18715
97,19301,15666,18075,15861,16227
98,16928,16229,20792,16283,19760
99,21860,18773,16059,21245,19281
100,19422,16671,18552,15949,20010
101,16155,16851,17256,20671,19358
102,15407,21692,20129,21290,15944
103,20014,15551,20727,17309,20214
104,19692,17293,16017,18134,17062
105,17976,20609,20390,16185,20954
106,15826,18124,16034,20452,19846
107,17711,18758,15310,17389,20406
108,18478,18589,17597,20623,21021
109,18480,16569,17525,17833,20618
110,15394,17196,16364,20795,21275
111,18200,16431,19355,18422,17916
112,21368,19008,18406,15496,16579
113,20909,17665,21360,18845,16298
114,18703,17870,15316,18872,18831
115,19096,21932,20714,20408,20154
116,20612,16774,18193,18132,16069
117,16052,19318,19446,21246,20231
118,15866,17742,20635,16093,19943
119,17262,19165,16607,20776,17757
120,18931,18167,16431,18235,21346
121,21107,19862,19476,18267,16698
122,18597,16521,15798,21728,21460
123,18312,20965,19539,16372,16051
124,20862,20075,18498,15358,18844
125,18759,16933,16742,17310,19086
126,21620,15725,17707,15435,21818
127,17649,19214,20922,18351,21852
128,21666,20140,16475,20393,15997
129,20924,15733,17050,15599,18095
130,19844,17745,21617,21177,15359
131,21099,19640,19441,21575,19097
132,16613,20754,18197,19907,20312
133,15529,18905,17941,16363,16513
134,16689,17763,16521,15534,20927
135,15622,19207,16460,19831,17425
136,17254,15801,18168,15603,19297
137,17899,20813,15386,17861,17928
138,19267,19164,18020,16774,15648
139,18376,19399,17262,20705,21546
140,17480,20689,17330,16742,15433
141,18815,19406,16617,20234,16653
142,20390,20994,15374,21687,20948
143,21726,15958,17609,20073,19794
144,21011,19788,15966,21815,19315
145,16152,17609,20477,16576,17497
146,21814,17038,19301,15415,18483
147,18224,16351,18423,21983,18206
148,16817,20345,21155,19517,16464
149,20258,15571,17949,21533,16063
150,16736,20416,15685,15673,21770
151,16786,21995,21341,21886,15958
152,15261,21287,16164,17336,16813
153,17944,17019,17932,21510,20429
154,15386,17422,15899,20324,15290
155,18125,19940,19761,18465,21821
156,21582,17762,21758,15705,19822
157,17828,15994,18873,20903,20528
158,17477,21739,18411,15341,17119
159,16934,16371,16375,21695,15418
160,16161,17177,20277,18418,21220
161,20470,21535,18557,19887,21016
162,18298,17891,19881,19592,20113
163,15960,18062,16400,20779,17851
164,17307,20165,17738,18111,17727
165,15588,21097,18053,15426,15892
166,21396,21396,17583,17462,20708
167,18670,21385,20845,17217,21126
168,16039,19408,20131,15778,18672
169,20764,18852,16292,19067,17569
170,17459,19836,17803,15657,18503
171,16513,21677,20234,15537,15858
172,19929,20531,18897,18411,20421
173,16057,16894,15476,21364,21672
174,20912,20951,18809,18610,21909
175,21550,17052,15303,18899,21127
176,21175,17106,21516,19651,17718
177,16915,17800,17812,15652,15539
178,16884,20104,18394,19768,20885
179,16539,20785,15971,17315,19152
180,17085,17247,16360,21687,16683
181,16090,21359,17225,18935,17983
182,16618,19282,17268,21169,19701
183,17120,20407,15323,21109,19853
184,20379,15431,18937,18262,20899
185,17235,16524,15823,18225,19561
186,15609,16731,19383,16850,15343
187,19521,21355,19490,18711,15653
188,16448,16492,17212,16016,17617
189,19288,20582,17569,15392,20047
190,15390,19946,20095,21818,21743
191,21334,19249,20224,17554,15347
192,20077,21092,16655,19850,18605
193,19348,18613,17421,17047,21510
194,20048,20383,16054,17587,19382
195,19295,21423,21927,21808,21977
196,16874,20365,21207,20281,18827
197,20601,21293,16677,16942,20221
198,18221,16204,19845,17602,16887
199,19301,15388,19217,21834,17069
